------------------------Arizona----------------------------
1. 54525952, 0, 59318458, 2896759, 80574547
2. 186646528, 0, 59673382, 2457749, 86477764
3. 52428800, 0, 58547903, 2457744, 85979543
4. 6291456, 0, 56182986, 2850965, 82798511
5. 192937984, 0, 64578805, 2850962, 83923413
-----------------------------------------------------------
-----------------------Utah (Winter Games)-----------------
1. 0, 0, 58383508, 2719889, 81770449
2. 251658240, 0, 60677658, 2719884, 82982203
3. 180355072, 0, 53846373, 1556632, 87495920
4. 201326592, 0, 58724049, 1147066, 89818682
5. 100663296, 0, 53967477, 295006, 88639036
-----------------------------------------------------------
----------------------Louisiana(Ghastly Bayou)-------------
1. 0, 0, 53194198, 3026576, 81623766
2. 134217728, 0, 53313601, 3026574, 86175898
3. 142606336, 0, 59613722, 3065105, 83920245
4. 16777216, 0, 60188585, 2934421, 80555244
5. 223346688, 0, 59052838, 2934420, 81849162
-----------------------------------------------------------
---------------------Florida-------------------------------
1. 134217728, 0, 58714785, 2842258, 85004913
2. 134217728, 0, 59506847, 2842258, 85004913
3. 0, 0, 59121301, 2657942, 79214245
4. 67108864, 0, 59695476, 2842258, 78970210
5. 201326592, 0, 58099674, 2842255, 78980990
-----------------------------------------------------------
--------------------Pennsylvania---------------------------
1. 0, 0, 60751964, 3009053, 92601960
2. 201326592, 0, 62778582, 3006101, 94729663
3. 67108864, 0, 58650976, 3006099, 93715656
4. 67108864, 0, 60252899, 2998465, 90370560
5. 0, 0, 62782089, 2981839, 89466957
-----------------------------------------------------------
---------------------Minnesota-----------------------------
1. 201326592, 0, 57849762, 2549395, 86710919
2. 134217728, 0, 58455052, 2649750, 83458201
3. 0, 0, 57347991, 2649745, 78405628
4. 67108864, 0, 55892660, 2649752, 84273909
5. 134217728, 0, 60412992, 2649751, 81296119
-----------------------------------------------------------
---------------------Alaska--------------------------------
1. 67108864, 0, 81985648, 2910749, 73731344
2. 171966464, 0, 86521858, 2897552, 70524425
3. 201326592, 0, 83624274, 2907790, 73734442
4. 138412032, 0, 82761429, 2877047, 71828549
5. 201326592, 0, 85425438, 2897554, 68225387
-----------------------------------------------------------
----------------------California---------------------------
1. 67108864, 0, 55508608, 2763293, 87293816
2. 201326592, 0, 60652769, 2760332, 87283441
3. 0, 0, 58226489, 2946719, 85384708
4. 134217728, 0, 59566523, 2946708, 90277807
5. 134217728, 0, 56685705, 2946698, 90031275
-----------------------------------------------------------
-----------------------Nevada(Secret Base)-----------------
1. 67108864, 0, 70752140, 3016335, 82963561
2. 134217728, 0, 75459477, 3016336, 84359157
3. 201326592, 0, 75551709, 3016334, 82968359
4. 67108864, 0, 73941336, 3016342, 82969452
5. 201326592, 0, 72320953, 3016338, 82969004
-----------------------------------------------------------
-----------------------Utah(Sand Factory)------------------
1. 134217728, 0, 73542452, 2969231, 73441214
2. 125829120, 0, 69003850, 2969229, 73261456
3. 46137344, 0, 69776318, 2850465, 76310643
4. 47251456, 0, 70328320, 3095070, 75487232
5. 251658240, 0, 72508226, 3102339, 75097640
-----------------------------------------------------------
----------------------New Mexico(Oil Fields)---------------
1. 134217728, 0, 59244815, 3112600, 80467151
2. 121634816, 0, 62775914, 3116687, 81446545
3. 188743680, 0, 61343701, 3102347, 78141158
4. 67108864, 0, 58638018, 3107792, 80013503
5. 260046848, 0, 62731373, 3112891, 79551776
-----------------------------------------------------------
--------------------Arizona(Aircraft Graveyard)------------
1. 0, 0, 67206144, 3129886, 60882944
2. 134217728, 0, 67203711, 3126920, 62788661
3. 134217728, 0, 60845113, 3126934, 62762322
4. 0, 0, 60845113, 3129886, 60882944
5. 134217728, 0, 63033447, 3135114, 62078020
-----------------------------------------------------------
-------------------New Mexico(Ghost Town)------------------
1. 4227727360, 0, 62325760, 2798182, 67633152
2. 134217728, 0, 63232725, 2789002, 69330231
3. 218103808, 0, 65239729, 2789028, 67059610
4. 243269632, 0, 63548791, 2779150, 65418932
5. 0, 0, 62375384, 2790219, 66695010
-----------------------------------------------------------
------------------ArizonaNevada(Hoover Dam)----------------
1. 201326592, 0, 61574144, 2683422, 88539136
2. 201326592, 0, 62268571, 2827919, 86964115
3. 67108864, 0, 59270901, 2827922, 85195872
4. 67108864, 0, 59216974, 2827927, 86967310
5. 201326592, 0, 62286438, 2827918, 85200426
-----------------------------------------------------------
--------------------California (Valley Farms)--------------
1. 67108864, 0, 55574528, 3060326, 78347264
2. 201326592, 0, 58743609, 3057302, 78343383
3. 134217728, 0, 55201306, 3057304, 84959809
4. 201326592, 0, 58922848, 3057294, 84036097
5. 134217728, 0, 57134830, 3112585, 84590691
-----------------------------------------------------------
--------------------Nevada (Casino City)-------------------
1. 134152192, 0, 75431936, 3080734, 85524480
2. 0, 0, 75576747, 3077782, 81003702
3. 67108864, 0, 73148268, 3077779, 81585615
4. 201326592, 0, 77483746, 3077780, 84354621
5. 67108864, 0, 73772129, 3077775, 83091003
-----------------------------------------------------------
---------------------Utah(Canyonlands)---------------------
1. 141819904, 0, 62575616, 3138078, 82599936
2. 251658240, 0, 62715744, 3133079, 79060234
3. 100663296, 0, 60931353, 2934413, 80345621
4. 138412032, 0, 64711486, 2934422, 81978996
5. 184549376, 0, 63234124, 3135121, 85572044
-----------------------------------------------------------
--------------------Colorado(Ski Resort)-------------------
1. 196476928, 0, 49524736, 1755750, 66462720
2. 67108864, 0, 46036020, 3019324, 61429838
3. 201326592, 0, 50964593, 3004044, 62072379
4. 67108864, 0, 49428613, 847282, 70078118
5. 67108864, 0, 46714155, 3012185, 62085529
-----------------------------------------------------------